start  0.000    0.000    0.000000    1.000000

LU1   -1.130    0.350    0.000000    1.000000
ALU1  -1.130    0.100    0.000000    1.000000
LU2   -0.480    0.350    0.000000    1.000000
ALU2  -0.480    0.100    0.000000    1.000000
U      0.170    0.350    0.000000    1.000000
AU     0.170    0.100    0.000000    1.000000
RU2    0.820    0.350    0.000000    1.000000
ARU2   0.820    0.100    0.000000    1.000000
RU1    1.470    0.350    0.000000    1.000000
ARU1   1.470    0.100    0.000000    1.000000

LD1   -0.600   -1.150    0.707106   -0.707106
ALD1  -0.800   -1.150    0.707106   -0.707106
LD2   -0.600   -1.900    0.707106   -0.707106
ALD2  -0.800   -1.900    0.707106   -0.707106
RD1    0.600   -0.750    0.707106    0.707106
ARD1   0.800   -0.750    0.707106    0.707106
RD2    0.600   -1.500    0.707106    0.707106
ARD2   0.800   -1.500    0.707106    0.707106

LP1   -1.200   -0.920    0.707106    0.707106
LP2    0.950   -1.250    0.707106    0.707106
LP3    1.240   -1.250    0.707106    0.707106
CL1    1.120   -1.200    1.000000    0.000000
CL2    0.960   -1.200    1.000000    0.000000
CL3    0.790   -1.200    1.000000    0.000000
CL4    0.630   -1.200    1.000000    0.000000
CL5    0.480   -1.200    1.000000    0.000000

RP1    1.040    1.210    0.000000    1.000000
RP2    1.390    1.210    0.000000    1.000000
RP3    1.580    1.210    0.000000    1.000000
CL6    0.980    1.200    0.000000    1.000000
CL7    1.100    1.200    0.000000    1.000000
CL8    1.300    1.200    0.000000    1.000000
CL9    1.550    1.200    0.000000    1.000000
CL10   1.700    1.200    0.000000    1.000000